File: generated30-1
Path: 1 7 12 13 14 19 23 29 30
Length: 56.71

File: generated100-1
Path: 1 11 13 22 32 33 54 44 56 66 76 78 88 98 100
Length: 47.94

File: generated500-1
Path: 1 25 48 71 116 161 183 228 251 295 318 363 408 431 453 499 500
Length 624.44

File: generated 500-2
Path: 1 137 296 500
Length 586.15

File: generated500-3
No Path

File: generated1000-1
Path: 1 32 63 64 95 126 157 156 187 218 249 250 281 282 314 345 346 347 378 409 440 471 502 532 563 564 595 626 657 656 655 686 717 747 746 777 778 809 839 840 841 872 903 934 935 936 967 968 969 1000
Length: 794.52

File: generated1000-2
No path

File: generated1000-3
No path

File: generated1000-4
No path